9.999570 12.248567 327.204565 3.300000 30.000000 3600.000000 1.000000
9.999570 12.248567 327.204565 3.300000 30.000000 3600.000000 1.000000
9.999570 12.248567 327.204565 3.300000 30.000000 3600.000000 1.000000
9.999570 12.248567 327.204565 3.300000 30.000000 3600.000000 1.000000
9.999570 12.248567 327.204565 3.300000 30.000000 3600.000000 1.000000
9.999570 12.248567 327.204565 3.300000 30.000000 3600.000000 1.000000
9.999570 12.248567 327.204565 3.300000 30.000000 3600.000000 1.000000
9.999570 12.248567 327.204565 3.300000 30.000000 3600.000000 1.000000
9.999570 12.248567 327.204565 3.300000 30.000000 3600.000000 1.000000
9.999570 12.248567 327.204565 3.300000 30.000000 3600.000000 1.000000
9.999570 12.248567 327.204565 3.300000 30.000000 3600.000000 1.000000
